knitr::opts_chunk$set(echo = TRUE)
"NS" <-
3
"num.forced.choices" <-
3
"num.trials.per.block" <-
16
"forced.a" <-
structure(c(3,3,3,2,2,2,4,4,4,3,3,3,3,3,3,4,4,4,3,3,3,3,3,3,2,2,2,4,4,4,4,4,4,2,2,2,4,4,4,3,3,3,2,2,2,4,4,4,2,2,2,4,4,4,2,2,2,4,4,4,3,3,3,2,2,2,4,4,4,4,4,4,4,4,4,4,4,4,3,3,3,2,2,2,2,2,2,4,4,4,4,4,4,2,2,2,4,4,4,4,4,4,3,3,3,3,3,3,3,3,3,3,3,3,4,4,4,4,4,4,3,3,3,2,2,2,2,2,2,2,2,2,2,2,2,4,4,4,2,2,2,4,4,4,2,2,2,4,4,4,4,4,4,3,3,3,4,4,4,3,3,3,4,4,4,4,4,4,4,4,4,3,3,3,4,4,4,3,3,3,2,2,2,4,4,4,3,3,3,2,2,2,4,4,4,4,4,4,3,3,3,3,3,3,3,3,3,4,4,4,3,3,3,2,2,2,4,4,4,2,2,2,3,3,3,2,2,2,4,4,4,3,3,3,2,2,2,4,4,4,2,2,2,2,2,2,3,3,3,4,4,4,3,3,3,2,2,2,3,3,3,3,3,3,3,3,3,4,4,4), .Dim=c(3,30,3))
"forced.o" <-
structure(c(3,3,3,4,4,4,4,4,4,4,4,4,3,3,3,2,2,2,2,2,2,4,4,4,4,4,4,2,2,2,3,3,3,2,2,2,4,4,4,4,4,4,4,4,4,2,2,2,2,2,2,4,4,4,3,3,3,2,2,2,2,2,2,4,4,4,3,3,3,4,4,4,3,3,3,2,2,2,4,4,4,2,2,2,3,3,3,3,3,3,4,4,4,4,4,4,3,3,3,4,4,4,3,3,3,3,3,3,3,3,3,2,2,2,4,4,4,4,4,4,3,3,3,2,2,2,4,4,4,3,3,3,2,2,2,4,4,4,4,4,4,4,4,4,3,3,3,4,4,4,4,4,4,3,3,3,3,3,3,3,3,3,4,4,4,4,4,4,3,3,3,3,3,3,3,3,3,3,3,3,2,2,2,3,3,3,3,3,3,3,3,3,4,4,4,4,4,4,3,3,3,4,4,4,3,3,3,2,2,2,4,4,4,4,4,4,2,2,2,3,3,3,3,3,3,3,3,3,4,4,4,3,3,3,2,2,2,4,4,4,3,3,3,2,2,2,2,2,2,4,4,4,3,3,3,3,3,3,2,2,2,3,3,3,2,2,2,4,4,4), .Dim=c(3,30,3))
"free.a" <-
structure(c(2,2,2,4,3,3,2,2,3,2,2,2,2,2,2,4,2,2,3,3,4,2,4,2,3,3,4,4,4,2,2,4,2,2,3,3,3,3,3,3,4,4,2,3,3,4,3,3,4,2,4,2,3,2,2,2,3,2,3,2,2,3,2,2,2,4,3,3,2,2,3,2,3,2,2,4,3,3,3,3,2,4,2,3,2,3,3,2,2,3,2,3,2,4,4,3,3,2,2,2,2,2,2,3,2,2,4,2,4,3,4,2,4,4,3,4,2,4,2,3,2,2,4,2,4,3,3,3,3,4,2,3,2,3,4,4,2,3,3,2,3,2,2,2,2,3,4,2,2,3,2,3,2,4,2,4,3,4,2,2,2,2,2,2,4,4,4,3,3,3,4,2,2,4,4,3,4,2,3,4,2,2,3,3,3,2,3,2,2,2,2,2,2,4,2,2,3,2,4,4,2,2,4,2,4,2,2,2,3,3,2,2,2,2,2,3,4,4,3,4,2,3,2,3,4,4,3,3,3,2,2,2,2,2,2,4,3,2,3,3,2,3,2,4,2,2,3,3,2,2,2,2,2,4,3,3,3,2,2,4,4,2,2,4,3,4,2,2,3,2,2,2,4,3,4,2,3,2,2,2,2,2,2,2,3,2,3,2,4,2,2,2,4,2,4,2,3,2,4,3,2,2,3,2,2,4,4,4,4,4,2,3,2,3,4,4,4,3,3,2,3,2,2,2,2,3,4,2,3,3,3,3,2,4,2,3,2,3,2,2,2,2,2,3,2,3,2,4,2,2,3,3,2,2,3,2,2,2,3,2,2,2,2,3,4,2,3,2,2,2,2,4,3,2,4,2,3,3,2,2,2,2,4,2,2,2,3,2,3,4,3,2,3,2,2,3,4,3,2,4,2,3,2,4,2,3,4,3,3,2,3,2,2,2,2,3,2,2,4,2,3,3,3,3,2,4,2,3,2,2,2,2,2,3,2,3,2,3,2,2,3,3,2,4,3,2,2,2,3,2,2,2,3,3,4,4,3,2,3,2,2,3,3,2,3,2,4,2,2,2,2,2,2,2,2,2,2,3,3,4,2,2,3,2,2,3,2,3,2,4,2,2,2,4,3,3,3,3,3,2,3,2,2,2,2,3,2,2,4,4,3,2,2,3,2,2,2,3,3,2,2,2,2,2,2,2,3,2,4,2,3,4,2,3,4,2,2,3,3,4,2,2,2,3,4,4,3,2,4,2,2,3,4,2,2,2,3,2,2,2,2,2,2,2,2,2,2,3,3,2,2,2,4,2,2,2,2,3,2,4,2,3,2,4,4,3,3,3,2,2,3,2,2,2,2,2,3,2,2,2,4,2,4,3,2,2,2,3,4,2,3,2,3,3,2,2,3,4,4,2,2,4,2,2,2,2,2,3,3,4,2,2,2,2,4,4,4,2,3,2,2,3,4,2,2,2,3,3,2,4,2,2,2,2,2,2,2,3,3,2,2,2,4,2,2,2,2,3,3,2,2,2,3,4,4,3,3,3,2,2,2,2,2,2,3,2,2,2,2,3,4,2,3,3,2,2,2,3,3,2,2,2,3,3,3,2,2,4,4,2,2,4,2,2,2,2,2,4,3,3,2,2,2,2,4,2,2,2,2,2,2,3,2,2,4,2,2,4,2,2,2,2,2,2,2,2,3,4,3,2,2,4,3,2,2,2,2,3,2,2,2,2,3,4,4,2,3,3,2,2,3,2,2,2,3,2,2,2,2,3,4,2,3,3,2,2,2,3,2,2,2,2,4,3,3,2,2,4,3,2,2,3,2,2,2,2,2,4,3,2,2,2,3,4,4,3,2,2,2,2,2,2,2,2,3,2,2,2,2,2,2,2,2,4,2,2,4,4,3,2,2,3,3,2,2,3,3,3,3,2,2,2,4,3,4,2,3,3,2,2,2,2,2,2,3,2,2,2,3,3,4,2,2,3,2,2,4,3,2,2,2,2,2,3,2,4,2,3,3,2,2,3,2,2,2,4,2,4,3,2,2,3,2,3,3,3,2,2,2,2,2,3,3,2,2,2,2,2,2,2,2,2,2,3,2,2,2,4,3,4,2,4,2,2,2,2,3,3,2,2,2,2,2,3,3,2,3,3,2,2,3,2,2,2,3,2,2,4,3,3,3,2,3,2,2,2,4,3,3,2,2,2,2,3,2,4,2,2,3,2,2,2,3,2,2,3,2,4,3,2,2,3,4,3,4,3,2,2,2,2,2,4,4,2,2,2,2,2,2,2,2,2,2,2,4,2,2,2,3,2,2,4,3,2,2,2,4,3,4,3,2,2,2,3,3,2,3,3,2,2,3,2,2,4,3,2,2,3,3,3,2,2,2,2,2,3,4,3,3,2,2,2,2,3,3,3,2,2,2,2,2,2,4,2,2,3,2,4,3,2,2,2,2,3,4,3,2,2,2,2,2,3,4,2,3,2,2,2,2,2,2,2,2,2,4,2,2,2,3,4,2,2,4,2,2,3,4,3,3,4,2,4,2,4,3,2,3,2,2,2,2,2,2,3,3,2,2,3,3,3,2,2,2,4,2,2,3,3,3,2,2,2,3,3,3,2,2,2,2,2,4,3,3,2,2,3,2,4,3,2), .Dim=c(3,30,13))
"free.o" <-
structure(c(2,3,2,2,3,4,4,2,3,2,2,2,3,4,4,4,3,2,3,3,2,4,2,2,3,4,4,4,4,4,2,4,4,2,3,2,3,2,2,3,4,4,2,3,4,3,3,3,4,2,4,2,3,2,2,3,3,4,3,4,2,3,2,4,2,2,3,3,2,2,3,2,3,2,4,4,3,3,3,3,3,4,4,3,4,2,4,2,4,3,2,3,3,4,2,4,2,2,2,2,2,2,2,3,3,2,4,2,3,3,4,2,2,4,3,4,2,4,4,3,4,2,4,2,3,2,3,4,3,4,2,2,2,3,2,4,4,2,3,2,2,3,2,2,2,3,4,2,4,3,2,2,2,2,2,4,3,3,2,2,2,2,2,4,3,3,4,4,3,3,3,2,2,2,4,4,4,2,3,2,2,2,2,4,3,2,3,2,2,2,4,3,3,4,3,2,2,3,4,4,2,4,4,2,4,2,3,4,3,3,4,3,4,2,2,3,4,4,3,2,4,3,2,3,4,4,4,2,4,2,3,2,2,2,3,4,3,2,3,3,4,3,2,4,2,4,4,2,2,4,2,3,4,4,3,3,3,3,3,3,3,4,2,4,3,4,2,2,3,4,2,3,4,2,4,4,2,2,3,3,3,4,3,2,3,3,3,3,4,2,2,2,4,2,4,2,3,4,4,3,2,4,2,2,2,4,3,4,4,4,2,3,4,3,4,4,3,3,2,2,3,2,2,2,2,2,4,2,4,3,3,3,4,4,4,4,2,2,2,2,4,3,2,3,2,3,2,4,3,2,3,2,3,4,3,2,4,3,3,2,2,2,3,3,2,3,2,3,4,3,2,3,3,2,4,2,3,3,2,3,3,2,4,2,2,2,3,4,3,3,4,4,3,4,2,3,4,3,3,2,2,3,3,2,4,3,4,2,3,4,2,2,3,2,2,3,3,4,4,4,3,4,3,3,2,4,3,3,4,2,2,4,4,3,2,3,3,4,4,2,3,4,2,4,3,2,2,3,3,4,2,4,3,3,4,2,3,3,3,2,2,2,3,3,4,2,4,2,3,2,2,4,2,2,2,4,2,3,3,4,2,2,4,4,2,3,3,2,2,4,3,2,2,2,4,3,3,2,3,2,2,3,3,2,2,4,3,2,4,4,3,2,4,2,2,2,2,3,3,2,4,2,4,4,3,2,2,3,4,2,3,4,3,3,4,2,2,3,3,4,4,2,4,3,2,4,4,2,4,2,3,3,3,4,3,3,3,4,2,2,2,2,2,2,2,2,3,3,3,4,4,4,2,2,3,2,2,4,3,4,2,3,4,3,2,3,2,2,2,2,3,3,3,2,3,2,3,4,3,4,4,2,4,2,4,2,2,3,4,2,3,2,3,3,3,2,3,3,4,2,2,2,4,2,2,4,2,3,3,4,2,2,2,3,2,4,4,2,4,2,2,2,4,2,4,4,4,4,2,4,3,2,3,4,4,2,3,3,3,2,2,4,4,2,4,2,4,2,2,2,4,2,3,3,3,4,3,3,2,2,2,2,2,2,2,3,2,2,2,4,3,2,3,2,2,2,4,3,3,4,3,2,3,2,2,4,2,4,3,4,2,4,4,2,2,4,4,4,3,3,2,2,3,2,4,3,2,2,2,2,2,3,2,2,3,2,2,4,3,3,2,2,2,4,2,3,3,2,3,2,2,2,4,2,4,4,4,2,3,4,2,2,3,4,3,4,3,2,2,2,3,2,2,3,2,2,2,2,4,2,3,3,4,3,2,2,4,3,4,2,2,2,4,4,3,3,2,4,2,2,2,3,4,2,2,4,3,2,2,2,3,3,3,4,4,3,2,2,3,3,4,3,3,4,4,2,2,3,2,2,2,2,4,4,3,2,3,3,2,4,2,3,3,2,4,3,2,3,3,2,2,2,3,2,4,2,4,3,2,2,4,2,2,2,3,3,2,4,2,3,4,3,2,3,4,2,4,3,4,2,2,2,3,3,4,3,2,3,3,2,4,3,4,2,2,4,2,2,3,2,2,3,3,2,3,3,3,2,2,2,2,3,4,2,2,2,3,2,3,3,2,4,2,4,4,2,4,4,2,2,4,4,2,2,2,4,4,3,4,4,4,2,2,3,3,2,3,3,2,2,3,2,3,4,3,2,3,3,3,4,4,4,3,4,4,2,2,3,2,2,4,2,2,3,4,4,2,3,3,4,3,3,3,4,2,3,4,4,3,3,4,3,4,2,4,3,3,3,2,2,2,4,4,2,3,2,2,2,3,3,2,2,2,2,3,3,2,2,3,4,4,4,3,3,2,4,2,3,4,3,2,4,2,4,3,4,2,3,4,4,3,2,2,3,2,2,2,4,3,3,4,4,2,4,2,3,4,4,2,2,2,4,4,3,4,3,3,4,4,4,4,4,4,4,4,3,4,2,3,2,2,2,4,3,4,3,4,2,2,2,3,2,3,4,3,3,2,4,2,2,3,2,3,4,4,2,2,2,4,4,3,2,4,4,4,4,2,3,3,2,2,4,4,3,3,2,3,4,4,2,2,2,2,2,2,4,2,3,3,3,4,4,3,4,4,2,3,3,2,3,2,2,3,3,3,2,2,3,2,2,3,3,3,4,4,4,3,2,4,2), .Dim=c(3,30,13))
